0
1.0
1
310.0
2
47275.0
3
4727500.0
4
348653125.0
5
20221881250.0
6
960539359375.0
7
38421574375000.0
8
1320741619140625.0
9
3.962224857421875e+16
10
1.0499895872167969e+18
11
2.4817935697851564e+19
12
5.273811335793457e+20
13
1.014194487652588e+22
14
1.7748403533920288e+23
15
2.839744565427246e+24
16
310.0
17
94550.0
18
14182500.0
19
1394612500.0
20
101109406250.0
21
5763236156250.0
22
268951020625000.0
23
1.0565932953125e+16
24
3.566002371679688e+17
25
1.0499895872167969e+19
26
2.729972926763672e+20
27
6.328573602952149e+21
28
1.3184528339483642e+23
29
2.4847764947488403e+24
30
4.259616848140869e+25
31
6.673399728754028e+26
32
47275.0
33
14182500.0
34
2091918750.0
35
202218812500.0
36
14408090390625.0
37
806853061875000.0
38
3.69807653359375e+16
39
1.426400948671875e+18
40
4.724953142475586e+19
41
1.364986463381836e+21
42
3.480715481623682e+22
43
7.910717003690186e+23
44
1.6151047215867463e+25
45
2.9817317936986086e+26
46
5.005049796565521e+27
47
7.674409688067133e+28
48
4727500.0
49
1394612500.0
50
202218812500.0
51
19210787187500.0
52
1344755103125000.0
53
7.3961530671875e+16
54
3.328268880234375e+18
55
1.2599875046601563e+20
56
4.094959390145508e+21
57
1.1602384938745605e+23
58
2.9005962346864013e+24
59
6.460418886346985e+25
60
1.292083777269397e+27
61
2.33568990506391e+28
62
3.837204844033566e+29
63
5.75580726605035e+30
64
348653125.0
65
101109406250.0
66
14408090390625.0
67
1344755103125000.0
68
9.245191333984374e+16
69
4.992403320351563e+18
70
2.2049781331552734e+20
71
8.189918780291016e+21
72
2.6105366112177612e+23
73
7.251490586716003e+24
74
1.776615193745421e+26
75
3.876251331808191e+27
76
7.590992191457707e+28
77
1.3430216954117483e+30
78
2.158427724768881e+31
79
3.165693996327692e+32
80
20221881250.0
81
5763236156250.0
82
806853061875000.0
83
7.3961530671875e+16
84
4.992403320351563e+18
85
2.645973759786328e+20
86
1.1465886292407422e+22
87
4.176858577948418e+23
88
1.3052683056088807e+25
89
3.553230387490842e+26
90
8.52775292997802e+27
91
1.8218381259498498e+29
92
3.491856408070545e+30
93
6.043597629352867e+31
94
9.497081988983077e+32
95
1.3612484184209076e+34
96
960539359375.0
97
268951020625000.0
98
3.69807653359375e+16
99
3.328268880234375e+18
100
2.2049781331552734e+20
101
1.1465886292407422e+22
102
4.873001674273154e+23
103
1.7403577408118408e+25
104
5.329845581236262e+26
105
1.4212921549963368e+28
106
3.340036564241391e+29
107
6.98371281614109e+30
108
1.3094461530264544e+32
109
2.2159857974293844e+33
110
3.403121046052269e+34
111
4.764369464473177e+35
112
38421574375000.0
113
1.0565932953125e+16
114
1.426400948671875e+18
115
1.2599875046601563e+20
116
8.189918780291016e+21
117
4.176858577948418e+23
118
1.7403577408118408e+25
119
6.091252092841443e+26
120
1.827375627852433e+28
121
4.7714808060591304e+29
122
1.0974405853936e+31
123
2.2447648337596362e+32
124
4.115402195226e+33
125
6.806242092104538e+34
126
1.0209363138156808e+36
127
1.3952796288814304e+37
128
1320741619140625.0
129
3.566002371679688e+17
130
4.724953142475586e+19
131
4.094959390145508e+21
132
2.6105366112177612e+23
133
1.3052683056088807e+25
134
5.329845581236262e+26
135
1.827375627852433e+28
136
5.367915906816521e+29
137
1.371800731742e+31
138
3.0865516464195e+32
139
6.173103292839e+33
140
1.1060143399669874e+35
141
1.7866385491774412e+36
142
2.616149304152682e+37
143
3.488199072203576e+38
144
3.962224857421875e+16
145
1.0499895872167969e+19
146
1.364986463381836e+21
147
1.1602384938745605e+23
148
7.251490586716003e+24
149
3.553230387490842e+26
150
1.4212921549963368e+28
151
4.7714808060591304e+29
152
1.371800731742e+31
153
3.429501829355e+32
154
7.544904024581e+33
155
1.47468578662265e+35
156
2.5807001265896373e+36
157
4.0695655842375053e+37
158
5.813665120339293e+38
159
7.557764656441081e+39
160
1.0499895872167969e+18
161
2.729972926763672e+20
162
3.480715481623682e+22
163
2.9005962346864013e+24
164
1.776615193745421e+26
165
8.52775292997802e+27
166
3.340036564241391e+29
167
1.0974405853936e+31
168
3.0865516464195e+32
169
7.544904024581e+33
170
1.622154365284915e+35
171
3.096840151907565e+36
172
5.290435259508756e+37
173
8.13913116847501e+38
174
1.1336646984661621e+40
175
1.4359752847238053e+41
176
2.4817935697851564e+19
177
6.328573602952149e+21
178
7.910717003690186e+23
179
6.460418886346985e+25
180
3.876251331808191e+27
181
1.8218381259498498e+29
182
6.98371281614109e+30
183
2.2447648337596362e+32
184
6.173103292839e+33
185
1.47468578662265e+35
186
3.096840151907565e+36
187
5.771383919464098e+37
188
9.61897319910683e+38
189
1.4428459798660245e+40
190
1.9581481155324618e+41
191
2.4150493424900363e+42
192
5.273811335793457e+20
193
1.3184528339483642e+23
194
1.6151047215867463e+25
195
1.292083777269397e+27
196
7.590992191457707e+28
197
3.491856408070545e+30
198
1.3094461530264544e+32
199
4.115402195226e+33
200
1.1060143399669874e+35
201
2.5807001265896373e+36
202
5.290435259508756e+37
203
9.61897319910683e+38
204
1.56308314485486e+40
205
2.2845061347878722e+41
206
3.018811678112546e+42
207
3.6225740137350546e+43
208
1.014194487652588e+22
209
2.4847764947488403e+24
210
2.9817317936986086e+26
211
2.33568990506391e+28
212
1.3430216954117483e+30
213
6.043597629352867e+31
214
2.2159857974293844e+33
215
6.806242092104538e+34
216
1.7866385491774412e+36
217
4.0695655842375053e+37
218
8.13913116847501e+38
219
1.4428459798660245e+40
220
2.2845061347878722e+41
221
3.25102796104428e+42
222
4.1798930927712166e+43
223
4.87654194156642e+44
224
1.7748403533920288e+23
225
4.259616848140869e+25
226
5.005049796565521e+27
227
3.837204844033566e+29
228
2.158427724768881e+31
229
9.497081988983077e+32
230
3.403121046052269e+34
231
1.0209363138156808e+36
232
2.616149304152682e+37
233
5.813665120339293e+38
234
1.1336646984661621e+40
235
1.9581481155324618e+41
236
3.018811678112546e+42
237
4.1798930927712166e+43
238
5.2248663659640206e+44
239
5.921515214759223e+45
240
2.839744565427246e+24
241
6.673399728754028e+26
242
7.674409688067133e+28
243
5.75580726605035e+30
244
3.165693996327692e+32
245
1.3612484184209076e+34
246
4.764369464473177e+35
247
1.3952796288814304e+37
248
3.488199072203576e+38
249
7.557764656441081e+39
250
1.4359752847238053e+41
251
2.4150493424900363e+42
252
3.6225740137350546e+43
253
4.87654194156642e+44
254
5.921515214759223e+45
255
6.513666736235146e+46
