0
1.0
1
620.0
2
189100.0
3
37820000.0
4
5578450000.0
5
647100200000.0
6
61474519000000.0
7
4917961520000000.0
8
3.381098545e+17
9
2.028659127e+19
10
1.07518933731e+21
11
5.08271323092e+22
12
2.160153123141e+24
13
8.30828124285e+25
14
2.9078984349975e+27
15
9.305274991992e+28
16
2.73342452889765e+30
17
7.3963251958407e+31
18
1.849081298960175e+33
19
4.2820830081183e+34
20
9.206478467454344e+35
21
1.841295693490869e+37
22
3.43150561059662e+38
23
5.96783584451586e+39
24
9.697733247338272e+40
25
1.4740554535954175e+42
26
2.0976942993473248e+43
27
2.7969257324630995e+44
28
3.496157165578875e+45
29
4.098942883782129e+46
30
4.508837172160342e+47
